Movie,Date Watched,Rating,Liked,Review
Mean Girls,14 Jan 2024,★★★½,True,
Barbie,08 Jan 2024,★★★★★,True,What was I made always hits me like a volleyball to the face
Nightwatch,07 Jan 2024,★★★,True,
Saltburn,02 Jan 2024,★★★★½,True,might’ve loved it 100% ride or die if the ending had been left a little more vague or ambiguous but then we probably wouldn't have gotten that end dance sequence i wish my dad hadn’t been present for
Becoming Astrid,01 Jan 2024,★★★★,True,
Happy Ending,31 Dec 2023,★★★½,True,
The Shadow in My Eye,28 Dec 2023,★★★,True,
"Merry Christmas, Mr. Bean",21 Dec 2023,★★★★,True,
A Christmas Story,21 Dec 2023,★★★,True,
Wonka,20 Dec 2023,★★★★½,True,a movie almost tailored made to me and my weird tastes. could’ve been perfect if it weren’t for the strange existence of the police chief
It's a Wonderful Life,17 Dec 2023,★★★★★,True,
The Little Matchgirl,10 Dec 2023,★★★★½,True,
The Muppet Christmas Carol,10 Dec 2023,★★★★★,True,
The Hunger Games: The Ballad of Songbirds & Snakes,08 Dec 2023,★★★★½,True,
Dolly Parton's Christmas on the Square,05 Dec 2023,★★½,True,Watched the first half with my dad but it was putting us both to sleep so we had to stop. A few hours later though I picked it back up because I couldn't do that to my queens Dolly and Christine.
Who Killed Santa? A Murderville Murder Mystery,03 Dec 2023,★★★½,True,
Leo,30 Nov 2023,★★★,True,
Bottoms,24 Nov 2023,★★★★½,True,
Serial Mom,23 Nov 2023,★★★★,True,god forbid women do anything
Pan's Labyrinth,22 Nov 2023,★★★★★,True,I have the coolest Spanish teacher
The Crime of Padre Amaro,20 Nov 2023,★★★½,True,watched this in several bites in the course of a week in my spanish classes. will definitely have a proper watch of it at some point
Scream,16 Nov 2023,★★★★★,True,Watched it with my dad who somehow hadn’t seen it before. He liked it!! which is the highest praise in my world
Five Nights at Freddy's,10 Nov 2023,★★★★,True,oh we’re having fun
The Man Putin Couldn't Kill,07 Nov 2023,,True,
Now and Then - The Last Beatles Song,02 Nov 2023,★★★★★,True,i'm crying and crying and crying
The Nightmare Before Christmas,01 Nov 2023,★★★★★,True,
Hocus Pocus,31 Oct 2023,★★★★½,True,
The Rocky Horror Picture Show,31 Oct 2023,★★★★★,True,
Mantis,30 Oct 2023,★★★½,True,
Five Nights at Freddy's,29 Oct 2023,★★★½,True,oh we’re having fun
The Others,27 Oct 2023,★★★★½,True,
All About My Mother,27 Oct 2023,★★★★★,True,
Haunted Mansion,25 Oct 2023,★★★½,True,
Once Upon a Studio,25 Oct 2023,★★★★,True,
National Theatre Live: Fleabag,24 Oct 2023,★★★★½,True,
25th Hour,23 Oct 2023,★★★★,True,
Taylor Swift: The Eras Tour,20 Oct 2023,★★★★★,True,vigilante shit changed something in my brain chemistry
Nerdy Prudes Must Die,18 Oct 2023,★★★★½,True,
The Guy Who Didn't Like Musicals,18 Oct 2023,★★★★,True,
Bloodsucking Bastards,18 Oct 2023,★★½,True,
Little Shop of Horrors,17 Oct 2023,★★★★★,True,
Killer Klowns from Outer Space,16 Oct 2023,★★★★½,True,
Totally Killer,15 Oct 2023,★★★★,True,
Batman: The Doom That Came to Gotham,14 Oct 2023,★★★½,True,
Weird: The Al Yankovic Story,08 Oct 2023,★★★★,True,
Best in Show,08 Oct 2023,★★★½,True,
The Skeleton Dance,07 Oct 2023,★★★★,True,
Working Girl,07 Oct 2023,★★★½,True,
Big,07 Oct 2023,★★★★,True,
The Devil's Men,06 Oct 2023,★½,False,
The English Teacher,04 Oct 2023,★★★,True,
Poison,01 Oct 2023,★★★½,True,
The Rat Catcher,01 Oct 2023,★★★★,True,
The Swan,01 Oct 2023,★★★★,True,
The Wonderful Story of Henry Sugar,01 Oct 2023,★★★★½,True,
No One Will Save You,29 Sep 2023,★★★★,True,
The English Teacher,25 Sep 2023,★★½,True,
Nosferatu the Vampyre,24 Sep 2023,★★★★★,True,
Amores Perros,20 Sep 2023,★★★½,True,
Murder on the Orient Express,18 Sep 2023,★★★,True,
A Haunting in Venice,18 Sep 2023,★★★½,True,
Death on the Nile,14 Sep 2023,★★★½,True,
Stop Making Sense,12 Sep 2023,★★★★★,True,
The Nun II,10 Sep 2023,★★★,True,
The Edge of Seventeen,10 Sep 2023,★★★★★,True,
The Phantom of the Open,09 Sep 2023,★★★★½,True,
You Are So Not Invited to My Bat Mitzvah,09 Sep 2023,★★★½,True,
Table 19,04 Sep 2023,★★★,True,
Desperately Seeking Susan,03 Sep 2023,★★★★,True,
The Grand Budapest Hotel,28 Aug 2023,★★★★★,True,
Cyrano,27 Aug 2023,★★★★,True,
Rye Lane,24 Aug 2023,★★★★½,True,
The Royal Tenenbaums,22 Aug 2023,★★★½,True,
Pearl,20 Aug 2023,★★★½,True,
Anyone Can Quantum,16 Aug 2023,★★½,True,
"Red, White & Royal Blue",11 Aug 2023,★★★★,True,
"As Above, So Below",01 Aug 2023,★★★★★,True,
Apostle,31 Jul 2023,★★★★★,True,
Oppenheimer,30 Jul 2023,★★★★★,True,
To End All War: Oppenheimer & the Atomic Bomb,29 Jul 2023,★★★★,True,
Bombshell: The Hedy Lamarr Story,29 Jul 2023,★★★★,True,
Barbie,24 Jul 2023,★★★★½,True,What was I made always hits me like a volleyball to the face
Blitzed!,10 Jul 2023,★★★½,True,
Wham!,07 Jul 2023,★★★★½,True,
Nimona,07 Jul 2023,★★★★,True,
John Wick: Chapter 4,01 Jul 2023,★★★★½,True,
Stan Lee,01 Jul 2023,★★★½,True,
What's Eating Gilbert Grape,28 Jun 2023,★★★,True,
The Flash,24 Jun 2023,★★★½,True,
Spider-Man: Across the Spider-Verse,19 Jun 2023,★★★★★,True,
Howard,18 Jun 2023,★★★★,True,
John Wick: Chapter 3 – Parabellum,18 Jun 2023,★★★½,True,
The Little Mermaid,18 Jun 2023,★★★★,True,
Amanda Knox,14 Jun 2023,★★★,True,
A writer named Tove,13 Jun 2023,★★★★½,True,
Spider-Ham: Caught in a Ham,08 Jun 2023,★★★½,True,
Spider-Man: Into the Spider-Verse,08 Jun 2023,★★★★★,True,
Tove’s Room,05 Jun 2023,★★★★,True,
Trolley Troubles,30 May 2023,★★★,True,
Poor Papa,30 May 2023,★★★,True,
Oswald the Lucky Rabbit,30 May 2023,★★★½,True,
Oswald the Lucky Rabbit,26 May 2023,★★★½,True,
Cocaine Bear,19 May 2023,★★★,True,
Freaky,12 May 2023,★★★½,True,
Big Trouble in Little China,09 May 2023,★★★★,True,
Guardians of the Galaxy Vol. 3,07 May 2023,★★★★½,True,
John Mulaney & The Sack Lunch Bunch,03 May 2023,★★★★,True,
John Mulaney: Baby J,03 May 2023,★★★★,True,
John Mulaney: Baby J,28 Apr 2023,★★★★½,True,
The Super Mario Bros. Movie,28 Apr 2023,★★★½,True,
Evil Dead Rise,26 Apr 2023,★★★★,True,
See How They Run,08 Apr 2023,★★★½,True,
The Mask Maker,26 Mar 2023,★★★★,True,
The Big Shave,19 Mar 2023,★★★,True,
We're All Going to the World's Fair,19 Mar 2023,★★½,True,
Midnight in Paris,14 Mar 2023,★★★½,True,
Women Talking,13 Mar 2023,★★★★★,True,
Triangle of Sadness,11 Mar 2023,★★★★,True,
The Fabelmans,11 Mar 2023,★★★★★,True,
TÁR,11 Mar 2023,★★★★½,True,
Skinamarink,05 Mar 2023,★★★½,True,
Sweeney Todd: The Demon Barber of Fleet Street,05 Mar 2023,★★½,True,
What Ever Happened to Baby Jane?,05 Mar 2023,★★★★★,True,
They Hear It,03 Mar 2023,★★★½,True,
Ignore It,03 Mar 2023,★★½,True,
The Sky,03 Mar 2023,★★,True,
Ice Princess,03 Mar 2023,★★★★,True,
The Conference,01 Mar 2023,★★★½,True,
The Banshees of Inisherin,26 Feb 2023,★★★★★,True,
Flame & Citron,19 Feb 2023,★★★½,True,
East Is East,19 Feb 2023,★★★,True,
Ant-Man and the Wasp: Quantumania,16 Feb 2023,★★★,True,
Just Like Heaven,14 Feb 2023,★★★½,True,
My Bloody Valentine,14 Feb 2023,★★½,True,
Jacob A. Riis der ændrede Amerika,12 Feb 2023,★★★,True,
The Martha Mitchell Effect,29 Jan 2023,★★★½,True,
Le Pupille,29 Jan 2023,★★★★½,True,
Puss in Boots: The Last Wish,27 Jan 2023,★★★★★,True,
"The Boy, the Mole, the Fox and the Horse",26 Jan 2023,★★★,True,
My Year of Dicks,25 Jan 2023,★★★½,True,
This Place Rules,23 Jan 2023,★★★,True,
All Quiet on the Western Front,20 Jan 2023,★★★★★,True,
Puss in Boots,19 Jan 2023,★★★½,True,
M3GAN,15 Jan 2023,★★★½,True,
7 Women and a Murder,15 Jan 2023,★★★,True,
The Banshees of Inisherin,12 Jan 2023,★★★★★,True,
When Marnie Was There,09 Jan 2023,★★★★½,True,
The Pale Blue Eye,08 Jan 2023,★★★½,True,
Lovefield,06 Jan 2023,★★½,True,
Willy Wonka & the Chocolate Factory,06 Jan 2023,★★★★,True,
Please Turn Over,04 Jan 2023,★★½,True,
Blithe Spirit,04 Jan 2023,★★★½,True,
I Married a Witch,03 Jan 2023,★★★,True,
Hiroshima Mon Amour,02 Jan 2023,★★★★½,True,
La La Land,28 Dec 2022,★★★★★,True,
Troll,27 Dec 2022,★★,True,
Roald Dahl's Matilda the Musical,27 Dec 2022,★★★★½,True,
Glass Onion,26 Dec 2022,★★★★,True,
Klaus,25 Dec 2022,★★★★★,True,
From All of Us to All of You,24 Dec 2022,★★★★★,True,
Harry Potter and the Philosopher's Stone,23 Dec 2022,★★★★★,True,
Black Christmas,22 Dec 2022,★★★★½,True,
A Charlie Brown Christmas,18 Dec 2022,★★★★,True,
It's a Wonderful Life,18 Dec 2022,★★★★★,True,
Violent Night,17 Dec 2022,★★★★,True,
Guillermo del Toro's Pinocchio,13 Dec 2022,★★★★★,True,
Night at the Museum: Kahmunrah Rises Again,09 Dec 2022,★★★,True,
Angela's Christmas Wish,07 Dec 2022,★★★,True,
Angela's Christmas,07 Dec 2022,★★★,True,
Scrooge: A Christmas Carol,05 Dec 2022,★★★★,True,
The Holiday,04 Dec 2022,★★★★,True,
The Muppet Christmas Carol,03 Dec 2022,★★★★★,True,
The Guardians of the Galaxy Holiday Special,03 Dec 2022,★★★½,True,
A Charlie Brown Christmas,02 Dec 2022,★★★★½,True,
Falling for Christmas,27 Nov 2022,★★½,True,
Disney's FastPass: A Complicated History,25 Nov 2022,★★★★,True,
The Guardians of the Galaxy Holiday Special,25 Nov 2022,★★★½,True,
Disney Channel's Theme: A History Mystery,25 Nov 2022,★★★★★,True,
Barbarian,23 Nov 2022,★★★★,True,
The Wonder,21 Nov 2022,★★★½,True,
My Neighbor Totoro,20 Nov 2022,★★★★★,True,
Hereditary,19 Nov 2022,★★★★★,True,
The Menu,18 Nov 2022,★★★★½,True,
Black Panther: Wakanda Forever,12 Nov 2022,★★★★,True,
Zen - Grogu and Dust Bunnies,12 Nov 2022,★★★★,True,
"Wife, Witch, Poisoner, Whore",11 Nov 2022,★★★★,True,
Cry Freedom,11 Nov 2022,★★★½,True,
13th,10 Nov 2022,★★★★★,True,
Enola Holmes 2,09 Nov 2022,★★★★,True,
The Slumber Party Massacre,05 Nov 2022,★★,True,
Halloween,31 Oct 2022,★★★★★,True,
Growing Fangs,31 Oct 2022,★★★½,True,
Lonesome Ghosts,30 Oct 2022,★★★½,True,
The Murmuring,29 Oct 2022,★★★★,True,
The Viewing,29 Oct 2022,★★★★½,True,
Dreams in the Witch House,29 Oct 2022,★★★½,True,
Pickman's Model,29 Oct 2022,★★★★★,True,
The Outside,29 Oct 2022,★★★★,True,
"It's the Great Pumpkin, Charlie Brown",29 Oct 2022,★★★★★,True,
The Autopsy,29 Oct 2022,★★★★½,True,
Graveyard Rats,29 Oct 2022,★★★★,True,
Lot 36,29 Oct 2022,★★★½,True,
Mississippi Burning,28 Oct 2022,★★★★,True,
Chopping Mall,27 Oct 2022,★★★,True,
Lady of the Manor,25 Oct 2022,★★★,True,
Mike,24 Oct 2022,★★½,True,
Frankenweenie,23 Oct 2022,★★★★,True,
Grand Canyonscope,23 Oct 2022,★★★,True,
Trick or Treat,23 Oct 2022,★★★★,True,
Prom Night,22 Oct 2022,★★,True,
Corpse Bride,21 Oct 2022,★★★★½,True,
Sleepy Hollow,20 Oct 2022,★★★★,True,
The Da Vinci Code,18 Oct 2022,★★★★★,True,
Don't Worry Darling,17 Oct 2022,★★★½,True,
The Witches of Eastwick,15 Oct 2022,★★★,True,
The Witches,15 Oct 2022,★★★,True,
Addams Family Values,13 Oct 2022,★★★★½,True,
She-Hulk: Attorney at Law,13 Oct 2022,★★★,True,
Beetlejuice,12 Oct 2022,★★★★★,True,
The Perks of Being a Wallflower,12 Oct 2022,★★★★½,True,
Malignant,08 Oct 2022,★★★★,True,
Werewolf by Night,07 Oct 2022,★★★½,True,
Smile,06 Oct 2022,★★★,True,
Häxan,01 Oct 2022,★★★★½,True,
Hocus Pocus 2,01 Oct 2022,★★★½,True,
Where the Crawdads Sing,30 Sep 2022,★★★½,True,
Spotlight,28 Sep 2022,★★★★,True,
Vincent,28 Sep 2022,★★★★★,True,
Falling Leaves,28 Sep 2022,★★★★,True,
Vincent,26 Sep 2022,★★★★★,True,
Crimson Peak,21 Sep 2022,★★★★★,True,
X,19 Sep 2022,★★★½,True,
The Sword in the Stone,11 Sep 2022,★★★,True,
Welcome to the Club,11 Sep 2022,★½,True,
The Lord of the Rings: The Return of the King,10 Sep 2022,★★★★★,True,
The Lord of the Rings: The Two Towers,09 Sep 2022,★★★★★,True,
The Lord of the Rings: The Fellowship of the Ring,09 Sep 2022,★★★★★,True,
Our Father,06 Sep 2022,★★★★,True,
BuzzFeed Unsolved: The Making of the Final Investigation,05 Sep 2022,★★★★½,True,
Nope,31 Aug 2022,★★★★★,True,
My Big Fat Greek Wedding,29 Aug 2022,★★★★,True,
House,27 Aug 2022,★★★★★,True,
Crimson Peak,25 Aug 2022,★★★★★,True,
The Last Remake of Beau Geste,22 Aug 2022,★★★,True,
Dog Day Afternoon,20 Aug 2022,★★★★★,True,
A League of Their Own,19 Aug 2022,★★★★★,True,
Taxi Driver,09 Aug 2022,★★★★½,True,
Prey,07 Aug 2022,★★★★½,True,
Jane Austen: Behind Closed Doors,30 Jul 2022,★★★★½,True,
Meet Me in St. Louis,28 Jul 2022,★★★★,True,
Persuasion,27 Jul 2022,★★★½,True,
Sense and Sensibility,27 Jul 2022,★★★★★,True,
Ed Wood,26 Jul 2022,★★★★½,True,
Night of the Ghouls,23 Jul 2022,★★,True,
Bride of the Monster,23 Jul 2022,★★,True,
Glen or Glenda,23 Jul 2022,★½,False,
Plan 9 from Outer Space,21 Jul 2022,★★½,True,
The Bob's Burgers Movie,20 Jul 2022,★★★★,True,
Persuasion,17 Jul 2022,★½,True,
A Fan's Guide to Ms. Marvel,13 Jul 2022,★★★½,True,
Ms. Marvel,13 Jul 2022,★★★★,True,
Funny Girl,13 Jul 2022,★★★★★,True,
Tron,12 Jul 2022,★★★★,True,
The Pendle Witch Child,10 Jul 2022,★★★½,True,
Footloose,10 Jul 2022,★★★★,True,
Thor: Love and Thunder,08 Jul 2022,★★★½,True,
Elvis,03 Jul 2022,★★★★★,True,
The Black Phone,30 Jun 2022,★★★★½,True,
In the Mouth of Madness,30 Jun 2022,★★★★,True,
Possession,30 Jun 2022,★★★½,True,
A Star Is Born,29 Jun 2022,★★★½,True,
The Philadelphia Story,26 Jun 2022,★★★★½,True,
Casablanca,25 Jun 2022,★★★★★,True,
Elvis,23 Jun 2022,★★★★★,True,
Rebel Without a Cause,22 Jun 2022,★★★★★,True,
Obi-Wan Kenobi,22 Jun 2022,★★★★,True,
My Week with Marilyn,22 Jun 2022,★★★½,True,
The Prince and the Showgirl,21 Jun 2022,★★★★½,True,
Suspicion,21 Jun 2022,★★★,True,
Rebecca,19 Jun 2022,★★★★,True,
Notorious,19 Jun 2022,★★★½,True,
A Streetcar Named Desire,19 Jun 2022,★★★★½,True,
Friday the 13th Part VII: The New Blood,18 Jun 2022,★★★,True,
Friday the 13th Part VI: Jason Lives,17 Jun 2022,★★½,True,
Soul,17 Jun 2022,★★★★★,True,
Re-Animator,14 Jun 2022,★★★½,True,
The Evil Dead,14 Jun 2022,★★★★½,True,
Love is an Elevator,14 Jun 2022,★★★,True,
Candy.zip,14 Jun 2022,★★★½,True,
Look At Me Only,14 Jun 2022,★★★,True,
My Little Goat,14 Jun 2022,★★★★,True,
The Butler,12 Jun 2022,★★★½,True,
Good Morning,10 Jun 2022,★★★★,True,
Perfect Blue,10 Jun 2022,★★★★★,True,
Jurassic World Dominion,09 Jun 2022,★★★,True,
House,09 Jun 2022,★★★★★,True,
Annihilation,07 Jun 2022,★★★★½,True,
Strasbourg 1518,05 Jun 2022,★★★½,True,
Top Gun: Maverick,05 Jun 2022,★★★★½,True,
Top Gun,04 Jun 2022,★★★★,True,
Return to Oz,03 Jun 2022,★★★★½,True,
The Last of the Chupacabras,01 Jun 2022,★★★★,True,
Bo Burnham: The Inside Outtakes,31 May 2022,★★★★★,True,
Valhalla Rising,29 May 2022,★★,True,
The Northman,26 May 2022,★★★★½,True,
The Simpsons: When Billie Met Lisa,21 May 2022,★★★,True,
"Love, Death & Robots: Jibaro",21 May 2022,★★★★★,True,
"Love, Death & Robots: In Vaulted Halls Entombed",20 May 2022,★★★★,True,
"Love, Death & Robots: Mason's Rats",20 May 2022,★★★★,True,
"Love, Death & Robots: Swarm",20 May 2022,★★★,True,
"Love, Death & Robots: Kill Team Kill",20 May 2022,★★★½,True,
"Love, Death & Robots: Night of the Mini Dead",20 May 2022,★★★½,True,
"Love, Death & Robots: The Very Pulse of the Machine",20 May 2022,★★★,True,
"Love, Death & Robots: Bad Travelling",20 May 2022,★★★★½,True,
"Love, Death & Robots: Three Robots: Exit Strategies",20 May 2022,★★★½,True,
Chip 'n Dale: Rescue Rangers,20 May 2022,★★★½,True,
Everything Everywhere All at Once,18 May 2022,★★★★★,True,
What Happened to Monday,17 May 2022,★★★½,True,
Lamb,16 May 2022,★★★★½,True,
Friday the 13th: A New Beginning,13 May 2022,★★½,True,
Zola,13 May 2022,★★★,True,
The Captain,05 May 2022,★★★,True,
What We Do in the Shadows,05 May 2022,★★★★★,True,
Moon Knight,04 May 2022,★★★½,True,
Doctor Strange in the Multiverse of Madness,04 May 2022,★★★½,True,
Joan Didion: The Center Will Not Hold,30 Apr 2022,★★★★½,True,
What We Do in the Shadows: Interviews with Some Vampires,30 Apr 2022,★★½,True,
"Two Cars, One Night",30 Apr 2022,★★★½,True,
Save Ralph,30 Apr 2022,★★★★,True,
Sonic the Hedgehog 2,27 Apr 2022,★★★½,True,
Jimmy Savile: A British Horror Story,23 Apr 2022,★★★★,True,
White Hot: The Rise & Fall of Abercrombie & Fitch,21 Apr 2022,★★★½,True,
The Scarecrow,20 Apr 2022,★★★,True,
House Comes with a Bird,20 Apr 2022,★★★½,True,
Nurse on Wheels,18 Apr 2022,★★★,True,
The Headless Ghost,18 Apr 2022,★★½,True,
Sonic the Hedgehog,13 Apr 2022,★★★½,True,
The Muppet Show Season 1 Crew Video,11 Apr 2022,,True,
The Muppet Show Pitch Reel,10 Apr 2022,★★★,True,
The Muppet Show: Sex and Violence,10 Apr 2022,★★½,True,
The Muppets Valentine Show,10 Apr 2022,★★½,True,
Muppets Most Wanted,09 Apr 2022,★★★★★,True,
The Muppets,08 Apr 2022,★★★★½,True,
The Muppets' Wizard of Oz,07 Apr 2022,★★★,True,
Muppets from Space,06 Apr 2022,★★★½,True,
Labyrinth,06 Apr 2022,★★★★★,True,
Dog City: The Movie,06 Apr 2022,★★½,True,
Muppet Treasure Island,05 Apr 2022,★★★★,True,
The Muppets Take Manhattan,04 Apr 2022,★★★★,True,
The Great Muppet Caper,03 Apr 2022,★★★★½,True,
Too Many Cooks,03 Apr 2022,★★★½,True,
Kite,03 Apr 2022,★★★,True,
Batman and Harley Quinn,01 Apr 2022,★★½,True,
Frida,24 Mar 2022,★★★★½,True,
Attica,23 Mar 2022,★★★★,True,
House of Gucci,20 Mar 2022,★★★,True,
Parallel Mothers,19 Mar 2022,★★½,True,
Cyrano,18 Mar 2022,★★★½,True,
Turning Red,11 Mar 2022,★★★★★,True,
Free Guy,10 Mar 2022,★★★,True,
The Batman,09 Mar 2022,★★★★★,True,
West Side Story,07 Mar 2022,★★★★,True,
Sherlock: A Study in Pink,07 Mar 2022,★★★★½,True,
Licorice Pizza,06 Mar 2022,★★★,True,
Drive My Car,04 Mar 2022,★★★★★,True,
Always Be My Maybe,02 Mar 2022,★★★★,True,
Fantastic Mr. Fox,24 Feb 2022,★★★½,True,
The Fox and the Hound,23 Feb 2022,★★★★,True,
The Eyes of Tammy Faye,22 Feb 2022,★★★★,True,
The Lost Daughter,22 Feb 2022,★★★★,True,
Being the Ricardos,21 Feb 2022,★★★,True,
CODA,20 Feb 2022,★★★½,True,
Nightmare Alley,19 Feb 2022,★★★★½,True,
Belfast,19 Feb 2022,★★★★,True,
Flee,17 Feb 2022,★★★★★,True,
King Richard,16 Feb 2022,★★★★½,True,
"Be My Valentine, Charlie Brown",14 Feb 2022,★★★★,True,
"Summer of Soul (...or, When the Revolution Could Not Be Televised)",12 Feb 2022,★★★★½,True,
Don't Look Up,11 Feb 2022,★★★½,True,
The Tragedy of Macbeth,08 Feb 2022,★★★★★,True,
Unpregnant,05 Feb 2022,★★★½,True,
The Fallout,05 Feb 2022,★★★★,True,
Romeo + Juliet,28 Jan 2022,★★★★½,True,
The House,25 Jan 2022,★★★★,True,
In the Heights,20 Jan 2022,★★★★,True,
Vivo,20 Jan 2022,★★★½,True,
The Virgin Suicides,18 Jan 2022,★★★½,True,
Encanto,17 Jan 2022,★★★★★,True,
James Acaster: Repertoire,10 Jan 2022,★★★★,True,
Little Miss Sumo,09 Jan 2022,★★★,True,
The Power of the Dog,09 Jan 2022,★★★★★,True,
Little Women,07 Jan 2022,★★★★,True,
"Girl, Interrupted",07 Jan 2022,★★★★,True,
The Princess and the Frog,03 Jan 2022,★★★★½,True,
Harry Potter 20th Anniversary: Return to Hogwarts,02 Jan 2022,★★★★★,True,
Encanto,02 Jan 2022,★★★★½,True,
The Muppet Movie,31 Dec 2021,★★★★,True,
Junior,31 Dec 2021,★★★,True,
Encanto,31 Dec 2021,★★★★½,True,
Tokyo Godfathers,31 Dec 2021,★★★★,True,
An Inspector Calls,28 Dec 2021,★★★★,True,
Michael Bublé's Christmas in the City,23 Dec 2021,★★★½,True,
Hawkeye,22 Dec 2021,★★★½,True,
Anna and the Apocalypse,19 Dec 2021,★★★,True,
Robin Robin,17 Dec 2021,★★★★,True,
Olaf's Frozen Adventure,17 Dec 2021,★★★½,True,
Olaf Presents,17 Dec 2021,★★★½,True,
Santa's Workshop,17 Dec 2021,★★★,True,
The Muppet Christmas Carol,17 Dec 2021,★★★★★,True,
Spider-Man: No Way Home,16 Dec 2021,★★★★★,True,
White Christmas,15 Dec 2021,★★★½,True,
Spencer,13 Dec 2021,★★★★½,True,
West Side Story,12 Dec 2021,★★★★,True,
Miracle on 34th Street,12 Dec 2021,★★★½,True,
A Muppets Christmas: Letters to Santa,12 Dec 2021,★★½,True,
Kookie,10 Dec 2021,★★½,True,
Vesuvius,10 Dec 2021,★★★,True,
Guest,10 Dec 2021,★★½,True,
Curve,10 Dec 2021,★★★½,True,
A Castle for Christmas,10 Dec 2021,★★½,True,
North by Northwest,09 Dec 2021,★★★½,True,
"tick, tick...BOOM!",08 Dec 2021,★★★★★,True,
Jack Whitehall: Christmas with my Father,08 Dec 2021,★★★,True,
Home Alone,07 Dec 2021,★★★★,True,
Loki,05 Dec 2021,★★★★,True,
Donkey Skin,05 Dec 2021,★★★★½,True,
The Simpsons Christmas Special,04 Dec 2021,★★★½,True,
A Very Murray Christmas,04 Dec 2021,★★★,True,
Single All the Way,04 Dec 2021,★★★★,True,
Waffles + Mochi's Holiday Feast,04 Dec 2021,★★★½,True,
The Beatles: Get Back,03 Dec 2021,★★★★★,True,
WandaVision,27 Nov 2021,★★★★,True,
Ghostbusters,27 Nov 2021,★★★★½,True,
Ghostbusters II,21 Nov 2021,★★★½,True,
Ghostbusters,21 Nov 2021,★★★★½,True,
Ghostbusters: Afterlife,20 Nov 2021,★★★★,True,
Squid Game,17 Nov 2021,★★★★★,True,
Folklore: The Long Pond Studio Sessions,13 Nov 2021,★★★★,True,
All Too Well: The Short Film,13 Nov 2021,★★★★½,True,
Ciao Alberto,12 Nov 2021,★★★★,True,
The Simpsons in Plusaversary,12 Nov 2021,★½,False,
All the Money in the World,08 Nov 2021,★★★½,True,
Eternals,07 Nov 2021,★★★★½,True,
Saw,06 Nov 2021,★★★,True,
Malignant,06 Nov 2021,★★★★,True,
Straight Outta Nowhere: Scooby-Doo! Meets Courage the Cowardly Dog,03 Nov 2021,★★★½,True,
Scenes with Beans,28 Oct 2021,★★★★,True,
Mind the Steps!,28 Oct 2021,★★★,True,
Rashomon,28 Oct 2021,★★★★,True,
Home Movies,27 Oct 2021,★★★★,True,
Man on a Train,27 Oct 2021,★★★½,True,
"Hey, You!",26 Oct 2021,★★★★,True,
Panic,26 Oct 2021,★★★,True,
Gobble-Gobble,25 Oct 2021,★★★½,True,
Horse in the House,25 Oct 2021,★★★,True,
New Nightmare,24 Oct 2021,★★★★,True,
Freddy's Dead: The Final Nightmare,24 Oct 2021,★★★,True,
Don't Hug Me I'm Scared 6,24 Oct 2021,★★★★,True,
Don't Hug Me I'm Scared 5,24 Oct 2021,★★★★,True,
Don't Hug Me I'm Scared 4,24 Oct 2021,★★★½,True,
Don't Hug Me I'm Scared 3,24 Oct 2021,★★★,True,
Don't Hug Me I'm Scared 2,24 Oct 2021,★★★½,True,
Don't Hug Me I'm Scared,24 Oct 2021,★★★,True,
Over the Garden Wall,24 Oct 2021,★★★★★,True,
No Time to Die,22 Oct 2021,★★★★,True,
Squid Game,21 Oct 2021,★★★★★,True,
A Nightmare on Elm Street: The Dream Child,20 Oct 2021,★★★,True,
A Nightmare on Elm Street 4: The Dream Master,20 Oct 2021,★★½,True,
Venom: Let There Be Carnage,18 Oct 2021,★★★½,True,
A Nightmare on Elm Street 3: Dream Warriors,18 Oct 2021,★★½,True,
The Final Girls,14 Oct 2021,★★★★,True,
A Nightmare on Elm Street Part 2: Freddy's Revenge,13 Oct 2021,★★★,True,
A Nightmare on Elm Street,12 Oct 2021,★★★★,True,
Halloweentown,11 Oct 2021,★★★,True,
The Haunted Mansion,09 Oct 2021,★★★,True,
Muppets Haunted Mansion,09 Oct 2021,★★★½,True,
Muppets Haunted Mansion,08 Oct 2021,★★★½,True,
The Death of Stalin,06 Oct 2021,★★★★,True,
LEGO Star Wars Terrifying Tales,06 Oct 2021,★★★½,True,
Suspiria,02 Oct 2021,★★★★½,True,
John Wick: Chapter 2,29 Sep 2021,★★★★,True,
John Wick,26 Sep 2021,★★★½,True,
The Death and Life of Marsha P. Johnson,24 Sep 2021,★★★,True,
"Bob Ross: Happy Accidents, Betrayal & Greed",24 Sep 2021,★★★★,True,
The Inventor: Out for Blood in Silicon Valley,24 Sep 2021,★★★½,True,
Dune,22 Sep 2021,★★★★★,True,
WHAT DID JACK DO?,22 Sep 2021,★★★½,True,
Saint Maud,18 Sep 2021,★★★★,True,
Ocean's Eight,17 Sep 2021,★★★★½,True,
Crazy Rich Asians,17 Sep 2021,★★★½,True,
Game Night,15 Sep 2021,★★★★½,True,
Margrete: Queen of the North,14 Sep 2021,★★★★,True,
The Green Knight,10 Sep 2021,★★★★½,True,
The Farewell,10 Sep 2021,★★★★★,True,
Shang-Chi and the Legend of the Ten Rings,06 Sep 2021,★★★★,True,
The Neighbors' Window,30 Aug 2021,★★★,True,
The Thing,29 Aug 2021,★★★★★,True,
Cruella,28 Aug 2021,★★★½,True,
Candyman,27 Aug 2021,★★★★,True,
Cool Runnings,22 Aug 2021,★★★½,True,
Tombstone,14 Aug 2021,★★★★½,True,
Pale Rider,12 Aug 2021,★★★,True,
"The Good, the Bad and the Ugly",08 Aug 2021,★★★★,True,
For a Few Dollars More,07 Aug 2021,★★★½,True,
A Fistful of Dollars,05 Aug 2021,★★★½,True,
The Suicide Squad,04 Aug 2021,★★★★,True,
Suspiria,01 Aug 2021,★★★★,True,
Gunpowder Milkshake,01 Aug 2021,★★★,True,
Old,28 Jul 2021,★★★½,True,
Fear Street: 1666,21 Jul 2021,★★★½,True,
A Quiet Place Part II,15 Jul 2021,★★★★,True,
Loki,14 Jul 2021,★★★★,True,
Black Widow,12 Jul 2021,★★★★,True,
Fear Street: 1978,11 Jul 2021,★★★★,True,
"The Simpsons: The Good, the Bart, and the Loki",08 Jul 2021,★★★,True,
The Curse of La Llorona,05 Jul 2021,★★★,True,
The Conjuring: The Devil Made Me Do It,04 Jul 2021,★★★,True,
Annabelle Comes Home,04 Jul 2021,★★★½,True,
Luca,04 Jul 2021,★★★½,True,
The Witch,03 Jul 2021,★★★★★,True,
Fear Street: 1994,03 Jul 2021,★★★★,True,
Bo Burnham: Inside,21 Jun 2021,★★★★★,True,
Bo Burnham: Inside,20 Jun 2021,★★★★★,True,
Bo Burnham: Make Happy,16 Jun 2021,★★★★½,True,
Bo Burnham: What.,16 Jun 2021,★★★★½,True,
"Bo Burnham: Words, Words, Words",15 Jun 2021,★★★½,True,
Eighth Grade,12 Jun 2021,★★★★,True,
Bo Burnham: Inside,12 Jun 2021,★★★★★,True,
Why Are You Angry?,08 Jun 2021,★★★,True,
Bo Burnham: Inside,07 Jun 2021,★★★★★,True,
Friends: The Reunion,01 Jun 2021,★★★★,True,
Smoke Signals,31 May 2021,★★★★½,True,
Adam's Apples,30 May 2021,★★★½,True,
The Social Dilemma,28 May 2021,★★★½,True,
"Love, Death & Robots: The Drowned Giant",21 May 2021,★★★½,True,
"Love, Death & Robots: Life Hutch",21 May 2021,★★★,True,
"Love, Death & Robots: All Through the House",21 May 2021,★★★★,True,
"Love, Death & Robots: The Tall Grass",21 May 2021,★★★★,True,
"Love, Death & Robots: Snow in the Desert",21 May 2021,★★★½,True,
"Love, Death & Robots: Pop Squad",21 May 2021,★★★★★,True,
"Love, Death & Robots: Ice",21 May 2021,★★★,True,
"Love, Death & Robots: Automated Customer Service",21 May 2021,★★★,True,
"Love, Death & Robots: Zima Blue",17 May 2021,★★★★★,True,
"Love, Death & Robots: Blindspot",17 May 2021,★★★,True,
"Love, Death & Robots: Lucky 13",17 May 2021,★★★★½,True,
"Love, Death & Robots: Alternate Histories",17 May 2021,★★★,True,
"Love, Death & Robots: Helping Hand",17 May 2021,★★★½,True,
"Love, Death & Robots: Fish Night",17 May 2021,★★★½,True,
"Love, Death & Robots: Shape-Shifters",17 May 2021,★★,True,
"Love, Death & Robots: The Dump",17 May 2021,★★½,True,
"Love, Death & Robots: Good Hunting",17 May 2021,★★★★,True,
"Love, Death & Robots: Suits",17 May 2021,★★★,True,
"Love, Death & Robots: The Witness",17 May 2021,★★★½,True,
"Love, Death & Robots: Sucker of Souls",17 May 2021,★★★★,True,
"Love, Death & Robots: The Secret War",17 May 2021,★★★★½,True,
"Love, Death & Robots: When the Yogurt Took Over",09 May 2021,★★★★½,True,
"Love, Death & Robots: Sonnie's Edge",09 May 2021,★★★★,True,
"Love, Death & Robots: Ice Age",09 May 2021,★★★★,True,
"Love, Death & Robots: Beyond the Aquila Rift",09 May 2021,★★★½,True,
"Love, Death & Robots: Three Robots",09 May 2021,★★★★,True,
Night Stalker: The Hunt for a Serial Killer,09 May 2021,★★★★,True,
22 vs. Earth,05 May 2021,★★★½,True,
"Maggie Simpson in ""The Force Awakens from Its Nap""",05 May 2021,★★★,True,
The Mitchells vs. The Machines,03 May 2021,★★★★½,True,
Raya and the Last Dragon,03 May 2021,★★★★,True,
Daimi,26 Apr 2021,★★★,True,
The Falcon and the Winter Soldier,23 Apr 2021,★★★½,True,
Sound of Metal,21 Apr 2021,★★★★★,True,
The Father,18 Apr 2021,★★★★★,True,
Nomadland,17 Apr 2021,★★★★,True,
Minari,14 Apr 2021,★★★★½,True,
Helium,14 Apr 2021,★★★½,True,
Pride & Prejudice,04 Apr 2021,★★★★★,True,
The Hunt,04 Apr 2021,★★★½,True,
The Last Exploits of the Olsen Gang,03 Apr 2021,★★★,True,
The Olsen Gang Goes to War,01 Apr 2021,★★★½,True,
My Octopus Teacher,28 Mar 2021,★★★,True,
Moxie,25 Mar 2021,★★★½,True,
Promising Young Woman,22 Mar 2021,★★★★½,True,
Pelé,20 Mar 2021,★★★½,True,
One Night in Miami...,19 Mar 2021,★★★★,True,
Burrow,19 Mar 2021,★★★½,True,
If Anything Happens I Love You,19 Mar 2021,,True,
Ma Rainey's Black Bottom,19 Mar 2021,★★★★½,True,
Judas and the Black Messiah,18 Mar 2021,★★★★½,True,
The Trial of the Chicago 7,17 Mar 2021,★★★★,True,
Mank,17 Mar 2021,★★★½,True,
Citizen Kane,15 Mar 2021,★★★★,True,
Piper,14 Mar 2021,★★★★★,True,
The Crimson Wing: Mystery of the Flamingos,14 Mar 2021,★★★,True,
Chimpanzee,13 Mar 2021,★★★½,True,
Monkey Kingdom,09 Mar 2021,★★★★,True,
Disclosure,08 Mar 2021,★★★★★,True,
Feminists: What Were They Thinking?,08 Mar 2021,★★★★½,True,
I Am Not Your Negro,06 Mar 2021,★★★★★,True,
"What Happened, Miss Simone?",06 Mar 2021,★★★★½,True,
WandaVision,05 Mar 2021,★★★★½,True,
The Olympic Elk,03 Mar 2021,★★★½,True,
Framing Britney Spears,27 Feb 2021,★★★½,True,
"The Good, The Bad, The Hungry",26 Feb 2021,★★★,True,
Jane,26 Feb 2021,★★★★★,True,
White Men Can't Jump,25 Feb 2021,★★★½,True,
Women at War 1914-1918,19 Feb 2021,★★★½,True,
Lady and the Tramp,14 Feb 2021,★★★,True,
Cinderella,13 Feb 2021,★★★½,True,
Ruby Bridges,12 Feb 2021,★★★½,True,
The Matrix Revolutions,08 Feb 2021,★★★★,True,
The Passion of Joan of Arc,07 Feb 2021,★★★★★,True,
The Messenger: The Story of Joan of Arc,06 Feb 2021,★★★½,True,
The Matrix Reloaded,03 Feb 2021,★★★★,True,
The Matrix,30 Jan 2021,★★★★★,True,
Neon Genesis Evangelion: The End of Evangelion,25 Jan 2021,★★★★★,True,
2048: Nowhere to Run,21 Jan 2021,★★★½,True,
2036: Nexus Dawn,21 Jan 2021,★★★½,True,
Blade Runner: Black Out 2022,21 Jan 2021,★★★★,True,
Ghost in the Shell,21 Jan 2021,★★★★½,True,
Porco Rosso,14 Jan 2021,★★★★,True,
Princess Mononoke,09 Jan 2021,★★★★★,True,
The Kitchen,08 Jan 2021,★★★½,True,
Ponyo,07 Jan 2021,★★★★½,True,
Spirited Away,31 Dec 2020,★★★★★,True,
Dolly Parton: Here I Am,30 Dec 2020,★★★★,True,
Wonder Woman 1984,27 Dec 2020,★★★½,True,
Soul,26 Dec 2020,★★★★½,True,
Star Wars,25 Dec 2020,★★★★★,True,
It's a Wonderful Life,25 Dec 2020,★★★★★,True,
Santa Buddies,24 Dec 2020,★★½,True,
From All of Us to All of You,24 Dec 2020,★★★½,True,
How the Grinch Stole Christmas,23 Dec 2020,★★★★½,True,
Home Alone,23 Dec 2020,★★★★★,True,
Love Actually,21 Dec 2020,★★★★,True,
A Charlie Brown Christmas,21 Dec 2020,★★★½,True,
Frosty the Snowman,13 Dec 2020,★★★,True,
How the Grinch Stole Christmas!,13 Dec 2020,★★★★,True,
LEGO Star Wars Holiday Special,11 Dec 2020,★★★½,True,
The Muppet Christmas Carol,11 Dec 2020,★★★★★,True,
John Denver and the Muppets: A Christmas Together,10 Dec 2020,★★½,True,
About Time,06 Dec 2020,★★★★,True,
Dredd,06 Dec 2020,★★★½,True,
Ex Machina,06 Dec 2020,★★★★½,True,
Corduroy,05 Dec 2020,★★★,True,
Stars,05 Dec 2020,★★½,False,
Black Mirror: Be Right Back,05 Dec 2020,★★★★,True,
Happiest Season,01 Dec 2020,★★★★,True,
Krampus,29 Nov 2020,★★★½,True,
Once Upon a Snowman,26 Nov 2020,★★★½,True,
LEGO Star Wars Holiday Special,25 Nov 2020,★★★½,True,
The Star Wars Holiday Special,24 Nov 2020,★½,True,
Star Wars,20 Nov 2020,★★★★★,True,
Star Wars: The Clone Wars,19 Nov 2020,★★★,True,
Small Fry,15 Nov 2020,★★★,True,
Creepshow,14 Nov 2020,★★★★,True,
Friday the 13th: The Final Chapter,13 Nov 2020,★★★½,True,
Friday the 13th Part III,13 Nov 2020,★★★,True,
Friday the 13th Part 2,13 Nov 2020,★★★★,True,
Poltergeist,12 Nov 2020,★★★★½,True,
Hustlers,10 Nov 2020,★★★★½,True,
"As Above, So Below",10 Nov 2020,★★★★★,True,
The Strangers,09 Nov 2020,★★★½,True,
The Bells,08 Nov 2020,★★★½,True,
Book of Shadows: Blair Witch 2,05 Nov 2020,★★★½,True,
Change of Habit,04 Nov 2020,★★★,True,
King Creole,04 Nov 2020,★★★½,True,
Blair Witch,03 Nov 2020,★★★,True,
The Blair Witch Project,02 Nov 2020,★★★★,True,
Harry Potter and the Philosopher's Stone,29 Oct 2020,★★★★½,True,
Phantom of the Opera,29 Oct 2020,★★★,True,
The Man Who Laughs,29 Oct 2020,★★★★★,True,
Flickering Lights,22 Oct 2020,★★★½,True,
The Wolf Man,21 Oct 2020,★★★★,True,
Coraline,19 Oct 2020,★★★★★,True,
Another Round,18 Oct 2020,★★★★½,True,
The Ape,17 Oct 2020,★★½,True,
Lonesome Ghosts,16 Oct 2020,★★★½,True,
Creature from the Black Lagoon,14 Oct 2020,★★★★,True,
The Bride of Frankenstein,14 Oct 2020,★★★★,True,
The Old Mill,13 Oct 2020,★★★★,True,
Trick or Treat,13 Oct 2020,★★★½,True,
Steamboat Willie,13 Oct 2020,★★★½,True,
Monty Python and the Holy Grail,13 Oct 2020,★★★★★,True,
Bao,10 Oct 2020,★★★★,True,
Coco,10 Oct 2020,★★★★★,True,
American Murder: The Family Next Door,08 Oct 2020,★★★½,True,
Frankenstein,04 Oct 2020,★★★★,True,
Frankenweenie,04 Oct 2020,★★★½,True,
Dracula,02 Oct 2020,★★★,True,
Shadow of the Vampire,02 Oct 2020,★★★★,True,
A Plastic Ocean,30 Sep 2020,★★★,True,
Nosferatu the Vampyre,30 Sep 2020,★★★★,True,
Bram Stoker's Dracula,30 Sep 2020,★★★½,True,
Showbiz Kids,27 Sep 2020,★★★½,True,
Plastic Paradise: The Great Pacific Garbage Patch,27 Sep 2020,★★★,True,
Descendants 3,26 Sep 2020,★★★½,True,
Under the Sea: A Descendants Story,26 Sep 2020,★★★,True,
Descendants 2,26 Sep 2020,★★★½,True,
Descendants,26 Sep 2020,★★★,True,
Enola Holmes,24 Sep 2020,★★★★½,True,
The Adventures of Ichabod and Mr. Toad,22 Sep 2020,★★★½,True,
Ferdinand the Bull,21 Sep 2020,★★★½,True,
Lambert the Sheepish Lion,21 Sep 2020,★★★★,True,
Man in Space,21 Sep 2020,★★★,True,
Nature's Half Acre,21 Sep 2020,★★★½,True,
Beaver Valley,21 Sep 2020,★★★★,True,
Abducted in Plain Sight,20 Sep 2020,★★★★,True,
"Maggie Simpson in ""Playdate with Destiny""",20 Sep 2020,★★★½,True,
Class Action Park,19 Sep 2020,★★★,True,
Hamilton,19 Sep 2020,★★★★★,True,
I'm Thinking of Ending Things,05 Sep 2020,★★★★,True,
Mulan,05 Sep 2020,★★★,True,
Bill & Ted Face the Music,31 Aug 2020,★★★½,True,
Stop Making Sense,30 Aug 2020,★★★★★,True,
The Wizard of Oz,29 Aug 2020,★★★★★,True,
Ghostbusters,22 Aug 2020,★★★,True,
Life of Brian,11 Aug 2020,★★★★★,True,
Monty Python's The Meaning of Life,03 Aug 2020,★★★★,True,
The History Boys,26 Jul 2020,★★★,True,
The Old Guard,24 Jul 2020,★★★½,True,
Fight Club,23 Jul 2020,★★★★★,True,
Picnic at Hanging Rock,19 Jul 2020,★★★,True,
Fargo,18 Jul 2020,★★★★★,True,
The Big Lebowski,14 Jul 2020,★★★★★,True,
American Psycho,14 Jul 2020,★★★★★,True,
Howl's Moving Castle,12 Jul 2020,★★★★★,True,
Spirited Away,11 Jul 2020,★★★★★,True,
Whisper of the Heart,11 Jul 2020,★★★½,True,
Wallace & Gromit: The Curse of the Were-Rabbit,10 Jul 2020,★★★★,True,
The Cat Returns,10 Jul 2020,★★★½,True,
Hannah Gadsby: Douglas,06 Jul 2020,★★★★,True,
Hannah Gadsby: Nanette,06 Jul 2020,★★★★,True,
Fargo,05 Jul 2020,★★★★,True,
Little Evil,02 Jul 2020,★★★,True,
ReMastered: Devil at the Crossroads,02 Jul 2020,★★★½,True,
Fyre,02 Jul 2020,★★★,True,
Hannah Gadsby: Douglas,02 Jul 2020,★★★★,True,
Event Horizon,28 Jun 2020,★★★½,True,
The Silence of the Lambs,21 Jun 2020,★★★★★,True,
The Texas Chain Saw Massacre,18 Jun 2020,★★★,True,
Bill & Ted's Bogus Journey,17 Jun 2020,★★★½,True,
Stage Fright,15 Jun 2020,★★★★½,True,
Vertigo,15 Jun 2020,★★★★,True,
Night of the Living Dead,14 Jun 2020,★★½,False,
Rear Window,14 Jun 2020,★★★½,True,
Dark Light: The Art of Blind Photographers,13 Jun 2020,★★★,True,
Top Ten Monks,13 Jun 2020,★★★,True,
Dead Poets Society,12 Jun 2020,★★★★½,True,
Psycho,11 Jun 2020,★★★★,True,
Mommie Dearest,10 Jun 2020,★★★½,True,
Crip Camp: A Disability Revolution,03 Jun 2020,★★★★,True,
Frankenstein Island,29 May 2020,½,True,
Mommy Dead and Dearest,26 May 2020,★★★½,True,
To Catch a Thief,19 May 2020,★★★½,True,
Little Shop of Horrors,15 May 2020,★★★★½,True,
The Half of It,15 May 2020,★★★½,True,
The Ghost Train,13 May 2020,★★,True,
Onward,06 May 2020,★★★★,True,
The Little Shop of Horrors,02 May 2020,★★★★,True,
How to Marry a Millionaire,01 May 2020,★★★,True,
His Girl Friday,27 Apr 2020,★★★,True,
Space Jam,23 Apr 2020,★★★★,True,
A Hard Day's Night,21 Apr 2020,★★★★★,True,
Operation Petticoat,20 Apr 2020,★★★½,True,
Maurice,07 Apr 2020,★★★★★,True,
The Mummy,06 Apr 2020,★★★½,True,
Gentlemen Prefer Blondes,04 Apr 2020,★★★½,True,
Paddington Bear Goes to the Movies,04 Apr 2020,★★★½,True,
Singin' in the Rain,03 Apr 2020,★★★★★,True,
Charade,02 Apr 2020,★★★½,True,
Ready or Not,27 Mar 2020,★★★★,True,
The Hunt,27 Mar 2020,★★★★,True,
Birth of the Beatles,25 Mar 2020,★★½,True,
The Hustle,24 Mar 2020,★★★,True,
The Hours and Times,22 Mar 2020,★★★½,True,
Grizzly,21 Mar 2020,★★,True,
The Mothman of Point Pleasant,21 Mar 2020,★★½,True,
Wuthering Heights,20 Mar 2020,★★★½,True,
Frankenstein,20 Mar 2020,★★★★,True,
Bill & Ted's Excellent Adventure,19 Mar 2020,★★★★½,True,
Mary Shelley,17 Mar 2020,★★★★,True,
Gone with the Wind,15 Mar 2020,★★★★,True,
The Invisible Man,11 Mar 2020,★★★★,True,
Hotel Transylvania,10 Mar 2020,★★★,True,
Kiki's Delivery Service,10 Mar 2020,★★★★,True,
Jane Eyre,07 Mar 2020,★★★★,True,
Emma.,07 Mar 2020,★★★★½,True,
My Neighbor Totoro,07 Mar 2020,★★★★½,True,
Into the Darkness,04 Mar 2020,★★★½,True,
No Country for Old Men,03 Mar 2020,★★★★,True,
Caveman,24 Feb 2020,★★,True,
Invaders from Mars,21 Feb 2020,★★½,True,
House on Haunted Hill,21 Feb 2020,★★★,True,
Nosferatu,17 Feb 2020,★★★½,True,
The Witch,16 Feb 2020,★★★★★,True,
Birds of Prey (and the Fantabulous Emancipation of One Harley Quinn),16 Feb 2020,★★★★★,True,
The Lighthouse,14 Feb 2020,★★★★½,True,
Ford v Ferrari,09 Feb 2020,★★★½,True,
Birds of Prey (and the Fantabulous Emancipation of One Harley Quinn),08 Feb 2020,★★★★★,True,
Parasite,07 Feb 2020,★★★★★,True,
Jojo Rabbit,06 Feb 2020,★★★★½,True,
Little Women,03 Feb 2020,★★★★,True,
Se7en,01 Feb 2020,★★★★★,True,
Leslie Jones: Time Machine,28 Jan 2020,★★★,True,
Seth Meyers: Lobby Baby,28 Jan 2020,★★★½,True,
Zodiac,26 Jan 2020,★★★★★,True,
1917,24 Jan 2020,★★★★★,True,
Marriage Story,21 Jan 2020,★★★½,True,
Xanadu,20 Jan 2020,★★½,True,
The Irishman,13 Jan 2020,★★★,True,
The Two Popes,13 Jan 2020,★★★★½,True,
Frozen II,11 Jan 2020,★★★★,True,
John Mulaney & The Sack Lunch Bunch,29 Dec 2019,★★★★★,True,
G.I. Blues,26 Dec 2019,★★★½,True,
George Michael: Freedom,25 Dec 2019,★★★★,True,
Home Alone 2: Lost in New York,23 Dec 2019,★★★★½,True,
Home Alone,22 Dec 2019,★★★★½,True,
Frozen,21 Dec 2019,★★★★,True,
The Grinch,21 Dec 2019,★★★½,True,
It's a Wonderful Life,21 Dec 2019,★★★★★,True,
Star Wars: The Rise of Skywalker,18 Dec 2019,★★★★½,True,
Knives Out,15 Dec 2019,★★★★,True,
The Muppet Christmas Carol,15 Dec 2019,★★★★★,True,
Mickey's Christmas Carol,15 Dec 2019,★★★★,True,
A Charlie Brown Christmas,15 Dec 2019,★★★½,True,
Santa Claus Conquers the Martians,14 Dec 2019,★★,True,
A Garfield Christmas Special,14 Dec 2019,★★★½,True,
Doctor Sleep,17 Nov 2019,★★★★★,True,
Hocus Pocus,31 Oct 2019,★★★★½,True,
The Beatles: Eight Days a Week - The Touring Years,30 Oct 2019,★★★★½,True,
Ralph Breaks the Internet,06 Oct 2019,★★★★,True,
Joker,05 Oct 2019,★★★★★,True,
Toy Story 4,03 Oct 2019,★★★★½,True,
The Invisible Man,17 Sep 2019,★★★★,True,
Dr. Jekyll and Mr. Hyde,17 Sep 2019,★★★½,True,
Friday the 13th,13 Sep 2019,★★★½,True,
It Chapter Two,05 Sep 2019,★★★★½,True,
It,04 Sep 2019,★★★★★,True,
Once Upon a Time… in Hollywood,23 Aug 2019,★★★★★,True,
Wanda Sykes: Not Normal,23 Aug 2019,★★★★,True,
Gone Girl,18 Aug 2019,★★★★★,True,
Scary Stories to Tell in the Dark,11 Aug 2019,★★★★½,True,
Midsommar,28 Jul 2019,★★★★,True,
Eddie the Eagle,26 Jul 2019,★★★★,True,
Wilde,21 Jul 2019,★★★½,True,
Apollo 11: First Steps Edition,21 Jul 2019,★★★★,True,
The Babadook,21 Jul 2019,★★★,True,
The Dark Crystal,20 Jul 2019,★★★★★,True,
The Lion King,20 Jul 2019,★★★★,True,
Spider-Man: Far from Home,09 Jul 2019,★★★★½,True,
Yesterday,08 Jul 2019,★★★★½,True,
Booksmart,22 Jun 2019,★★★★★,True,
Robin Hood,08 Jun 2019,★★★★,True,
The Proposal,07 Jun 2019,★★★★½,True,
John & Yoko: Above Us Only Sky,07 Jun 2019,★★★★★,True,
Rolling Stone: Stories From the Edge,26 May 2019,★★★★★,True,
Aladdin,25 May 2019,★★★★½,True,
Rocketman,23 May 2019,★★★★½,True,
Alien,17 May 2019,★★★★★,True,
Pokémon Detective Pikachu,12 May 2019,★★★★½,True,
Bo Burnham: Make Happy,10 May 2019,★★★★★,True,
Avengers: Endgame,28 Apr 2019,★★★★,True,
Popstar: Never Stop Never Stopping,27 Apr 2019,★★★★½,True,
Let It Be,26 Apr 2019,★★★★,True,
They Shall Not Grow Old,10 Apr 2019,★★★★★,True,
Shazam!,06 Apr 2019,★★★★½,True,
Dumbo,31 Mar 2019,★★★★½,True,
Christopher Robin,31 Mar 2019,★★★★★,True,
Queen: From Rags to Rhapsody,31 Mar 2019,★★★½,True,
Us,30 Mar 2019,★★★★★,True,
The Dirt,29 Mar 2019,★★★½,True,
Yellow Submarine,16 Mar 2019,★★★½,True,
Mary Queen of Scots,16 Mar 2019,★★★★½,True,
At Eternity's Gate,10 Mar 2019,★★★★★,True,
Captain Marvel,09 Mar 2019,★★★★,True,
Roma,21 Feb 2019,★★★★★,True,
"Ken Jeong: You Complete Me, Ho",21 Feb 2019,★★★★,True,
Some Like It Hot,20 Feb 2019,★★★★½,True,
Murder in Three Acts,09 Feb 2019,★★½,True,
Velvet Buzzsaw,04 Feb 2019,★★★½,True,
BlacKkKlansman,04 Feb 2019,★★★★★,True,
Hereditary,04 Feb 2019,★★★★★,True,
The Favourite,02 Feb 2019,★★★★★,True,
Homeward Bound: The Incredible Journey,22 Jan 2019,★★★★½,True,
Two of Us,21 Jan 2019,★★★½,True,
Backbeat,20 Jan 2019,★★★★,True,
Nowhere Boy,20 Jan 2019,★★★★,True,
Ellen DeGeneres: Relatable,16 Jan 2019,★★★★,True,
Monty Python and the Holy Grail,13 Jan 2019,★★★★★,True,
The Big Lebowski,13 Jan 2019,★★★★½,True,
Mary Poppins Returns,06 Jan 2019,★★★★½,True,
Magical Mystery Tour,06 Jan 2019,★★★,True,
Help!,06 Jan 2019,★★★★,True,
A Hard Day's Night,05 Jan 2019,★★★★½,True,
Aquaman,05 Jan 2019,★★★★,True,
Bird Box,04 Jan 2019,★★★½,True,
The Ballad of Buster Scruggs,03 Jan 2019,★★★★½,True,
Black Mirror: Bandersnatch,29 Dec 2018,★★★★,True,
The Muppet Christmas Carol,29 Dec 2018,★★★★½,True,
John Mulaney: The Comeback Kid,14 Dec 2018,★★★★½,True,
Spider-Man: Into the Spider-Verse,10 Dec 2018,★★★★★,True,
A Star Is Born,07 Dec 2018,★★★★★,True,
7 Days in Hell,28 Nov 2018,★★★★,True,
Tour de Pharmacy,28 Nov 2018,★★★★,True,
The Imitation Game,24 Nov 2018,★★★★½,True,
Night at the Museum: Secret of the Tomb,23 Nov 2018,★★★★,True,
Our Idiot Brother,18 Nov 2018,★★★½,True,
Fantastic Beasts: The Crimes of Grindelwald,17 Nov 2018,★★★★,True,
Bohemian Rhapsody,10 Nov 2018,★★★★,True,
Hocus Pocus,31 Oct 2018,★★★★½,True,
What We Do in the Shadows,19 Oct 2018,★★★★½,True,
Halloween,18 Oct 2018,★★★★½,True,
Venom,14 Oct 2018,★★★★½,True,
The Phantom of the Opera,13 Oct 2018,★★★★½,True,
W. Kamau Bell: Private School Negro,10 Oct 2018,★★★★½,True,
Hari Kondabolu: Warn Your Relatives,10 Oct 2018,★★★★½,True,
Halloween,07 Oct 2018,★★★★★,True,
Rosemary's Baby,06 Oct 2018,★★★★★,True,
Scream,06 Oct 2018,★★★★½,True,Watched it with my dad who somehow hadn’t seen it before. He liked it!! which is the highest praise in my world
The Exorcist,06 Oct 2018,★★★★,True,
Gremlins,05 Oct 2018,★★★½,True,
The Phantom of the Opera,30 Sep 2018,★★★★½,True,
Hannah Gadsby: Nanette,21 Sep 2018,★★★★½,True,
John Mulaney: Kid Gorgeous at Radio City,21 Sep 2018,★★★★★,True,
The Predator,16 Sep 2018,★★★,False,
The Nun,15 Sep 2018,★★★★,True,
Annabelle: Creation,11 Sep 2018,★★★★,True,
Annabelle,11 Sep 2018,★★★★,True,
Down with Love,11 Sep 2018,★★★★,True,
The Conjuring 2,10 Sep 2018,★★★★½,True,
The Conjuring,10 Sep 2018,★★★★½,True,
Incredibles 2,01 Sep 2018,★★★★,True,
Mamma Mia! Here We Go Again,01 Sep 2018,★★★★½,True,
Napoleon Dynamite,31 Aug 2018,★★★★★,True,
Peter Rabbit,31 Aug 2018,★★★½,True,
"Love, Simon",29 Aug 2018,★★★★½,True,
Bridget Jones's Diary,28 Aug 2018,★★★★,True,
To All the Boys I've Loved Before,19 Aug 2018,★★★★,True,
Pride & Prejudice,12 Aug 2018,★★★★★,True,
Call Me by Your Name,11 Aug 2018,★★★★½,True,
Godzilla,23 Jul 2018,★★★★,True,
Fury,22 Jul 2018,★★★★,True,
Paddington 2,18 Jul 2018,★★★★½,True,
Paddington,18 Jul 2018,★★★★½,True,
The Other Guys,12 Jul 2018,★★★½,True,
Blazing Saddles,11 Jul 2018,★★★★,True,
Ant-Man,07 Jul 2018,★★★★,True,
Ant-Man and the Wasp,04 Jul 2018,★★★★,True,
Ferris Bueller's Day Off,04 Jul 2018,★★★★,True,
Catch Me If You Can,30 Jun 2018,★★★★,True,
Jennifer's Body,30 Jun 2018,★★★½,True,
Deadpool,23 Jun 2018,★★★★½,True,
Jurassic World: Fallen Kingdom,09 Jun 2018,★★★,True,
"Definitely, Maybe",01 Jun 2018,★★★,True,
Solo: A Star Wars Story,24 May 2018,★★★½,False,
Deadpool 2,19 May 2018,★★★★★,True,
A Quiet Place,10 May 2018,★★★★½,True,
Lady Bird,28 Apr 2018,★★★★,True,
Avengers: Infinity War,27 Apr 2018,★★★★½,True,
Captain America: The First Avenger,26 Apr 2018,★★★½,True,
Miss Congeniality 2: Armed and Fabulous,15 Apr 2018,★★½,True,
Austin Powers in Goldmember,15 Apr 2018,★★,False,
Coco,18 Mar 2018,★★★★★,True,
"Three Billboards Outside Ebbing, Missouri",10 Mar 2018,★★★★,True,
"I, Tonya",09 Mar 2018,★★★★,True,
The Shape of Water,03 Mar 2018,★★★★★,True,
Black Panther,24 Feb 2018,★★★★½,True,
The Mask,10 Feb 2018,★★★,True,
Star Wars: The Last Jedi,16 Dec 2017,★★½,False,
Murder on the Orient Express,25 Nov 2017,★★★½,True,
Justice League,18 Nov 2017,★★★,True,
The Shining,12 Nov 2017,★★★★½,True,
Thor: Ragnarok,05 Nov 2017,★★★★½,True,
Blade Runner 2049,06 Oct 2017,★★★★★,True,
It,09 Sep 2017,★★★★½,True,
Spider-Man: Homecoming,14 Jun 2017,★★★★½,True,
Get Out,27 May 2017,★★★★★,True,
The Handmaiden,13 May 2017,★★★★★,True,
Beauty and the Beast,08 Apr 2017,★★★½,True,
The Lego Batman Movie,11 Feb 2017,★★★★,True,

Followers
armandoasis,notorious7571,salma_gbbr,greeralec,joshrowley,mooyn,megatherealone,ftblpredator,frannybaronian,trumanklack,callmenora,ryanj1,feeeeeeer,roldarryl,gymnopedie,carinareis,snips420,jdlc501,vincentvega02,thefemaletitan,mr_hollywood,deardani,wdwmkr,saulools,parham777,samer_eslahf3y,javisan,thumbsagain,ludofine,lukerobertson95,ohheyimsean,matthewg1874,rollatini,resulonrsl,justin_peterson,vinnycenzo,khalid247,tanyusha,livamelin,yourdevil,andretoulon,karinaeedy,eleanordempsey,ryandvj,sidmode,benjaminicas,fapm,paulgrapes,lexifer,ralphgillis,evildeathroll,dan_felix,thebig,mackormcmanus,twocineasts,villanelles,thelilyankee,allisoncm,dwilder,lilacwine,minosaurus

Following
filmcooper,cosmicbunny,cowboysimone,charlotta_,eddyburback,jonyricker,deleedebiri,emwithafilm,jvstrobby,mscorsese,joshrowley,jbird26,mooyn,miadgc,irumae,reecepockney,valterrsen,irian,fumilayo,kevflixandchill,trumanklack,gestaltian,callmenora,hvdplaats,cooperkuhl
